# box size 
Lx = 100
Nx = 100
Ly = 2.
Ny = 50

# potential
k = 16

#swims tumble
v0 = 10
vp = 10
vx0 = 0
#alpha = 40.
alpha = 1.e+01

#diffusion
gamma = 1.
Gamma = 0.25
temp = 1.

#integration
dt = 0.00005
time = 5000.

Nsave = 10.


Nprint = 10
saveXY = 0

epsilon = 0.00000001
Tss = 2.5
