# box size 
Lx = 10
Nx = 50
Ly = 0.5
Ny = 50

# potential
k = 0.

#swims tumble
v0 = 20.
vp = 20.
vx0 = 0
alpha = 400

#diffusion
gamma = 1.
Gamma = 5.
temp = 1.

#integration
dt = 0.00001
time = 30.

Nprint = 100
Nsave = 1000
saveXY = 0

epsilon = 0.00000001
Nss = 1000000
